38 29 38 43 37 36 27 33 28 46 38 37 33 29 26
38 29 38 43 37 36 27 33 28 46 38 37 33 29 26
38 29 38 43 37 36 27 33 28 46 38 37 33 29 26
38 29 38 43 37 36 27 33 28 46 38 37 33 29 26
38 29 38 43 37 36 27 33 28 46 38 37 33 29 26
38 29 38 43 37 36 27 33 28 46 38 37 33 29 26
38 29 38 43 37 36 27 33 28 46 38 37 33 29 26
38 29 38 43 37 36 27 33 28 46 38 37 33 29 26
38 29 38 43 37 36 27 33 28 46 38 37 33 29 26
38 29 38 43 37 36 27 33 28 46 38 37 33 29 26
38 29 38 43 37 36 27 33 28 46 38 37 33 29 26
38 29 38 43 37 36 27 33 28 46 38 37 33 29 26
38 29 38 43 37 36 27 33 28 46 38 37 33 29 26
38 29 38 43 37 36 27 33 28 46 38 37 33 29 26
38 29 38 43 37 36 27 33 28 46 38 37 33 29 26
